The number 1 test suite

testcase: 10029
codeline: 59410
Read file time:   13418.8
Data copy time:   194.266
initial ind time: 242.698
fitness cal time: 4736.27
Num 0 loop.  
  Front: 1937
0.990621  655.069  1.64004
0.990457  470.972  1.3501
0.98997  604.058  1.53168
0.989943  411.632  1.177
0.98988  507.381  1.27644
0.989846  507.446  1.37778
0.989844  445.399  1.28251
0.989819  462.752  1.30797
0.989715  373.322  1.166
0.989567  437.082  1.20146
Num 1 loop.  
  Front: 1385
0.992045  497.862  1.48487
0.99128  382.803  1.25832
0.99103  417.246  1.30693
0.990745  525.676  1.48012
0.990621  655.069  1.64004
0.990572  306.634  1.10025
0.990569  469.838  1.37797
0.990473  471.231  1.37651
0.990457  470.972  1.3501
0.990345  405.295  1.25914
Num 2 loop.  
  Front: 1423
0.992045  497.862  1.48487
0.991507  413.223  1.33471
0.99128  382.803  1.25832
0.991207  399.623  1.29791
0.991078  387.771  1.27308
0.99103  417.246  1.30693
0.991006  306.108  1.1468
0.990992  285.759  1.11558
0.990992  441.151  1.34835
0.990984  400.955  1.28769
Num 3 loop.  
  Front: 1425
0.992045  497.862  1.48487
0.991507  413.223  1.33471
0.991486  402.953  1.3058
0.991351  385.825  1.2669
0.991333  340.826  1.18339
0.991324  378.856  1.2526
0.99128  382.803  1.25832
0.991213  430.975  1.34199
0.991207  399.623  1.29791
0.991182  418.866  1.31804
Num 4 loop.  
  Front: 1817
0.992188  586.07  1.57763
0.992093  390.5  1.28319
0.992092  373.897  1.25854
0.992045  497.862  1.48487
0.991968  355.87  1.2258
0.991836  360.257  1.22591
0.991765  351.795  1.20994
0.991633  466.8  1.37396
0.991568  560.21  1.50926
0.991182  418.866  1.31804
Num 5 loop.  
  Front: 1832
0.992188  586.07  1.57763
0.992093  390.5  1.28319
0.992092  373.897  1.25854
0.992045  497.862  1.48487
0.991968  355.87  1.2258
0.991836  360.257  1.22591
0.991765  351.795  1.20994
0.991633  466.8  1.37396
0.991568  560.21  1.50926
0.991182  418.866  1.31804
Num 6 loop.  
  Front: 1817
0.992188  586.07  1.57763
0.992093  390.5  1.28319
0.992092  373.897  1.25854
0.992045  497.862  1.48487
0.991968  355.87  1.2258
0.991836  360.257  1.22591
0.991765  351.795  1.20994
0.991633  466.8  1.37396
0.991568  560.21  1.50926
0.991182  418.866  1.31804
Num 7 loop.  
  Front: 64
0.993337  296.161  1.15355
0.992093  390.5  1.28319
0.992092  373.897  1.25854
0.992045  497.862  1.48487
0.991968  355.87  1.2258
0.991836  360.257  1.22591
0.991765  351.795  1.20994
0.991633  466.8  1.37396
0.991568  560.21  1.50926
0.991182  418.866  1.31804
Num 8 loop.  
  Front: 1241
0.993373  471.779  1.3951
0.993337  296.161  1.15355
0.992092  373.897  1.25854
0.992045  497.862  1.48487
0.991968  355.87  1.2258
0.991836  360.257  1.22591
0.991765  351.795  1.20994
0.991633  466.8  1.37396
0.991568  560.21  1.50926
0.991182  418.866  1.31804
Num 9 loop.  
  Front: 988
0.993749  438.323  1.35044
0.993652  281.1  1.08715
0.992092  373.897  1.25854
0.992045  497.862  1.48487
0.99338  507.419  1.44697
0.993373  471.779  1.3951
0.993337  296.161  1.15355
0.991633  466.8  1.37396
0.991568  560.21  1.50926
0.991182  418.866  1.31804
Num 10 loop.  
  Front: 1032
0.994205  443.68  1.37275
0.993749  438.323  1.35044
0.993652  281.1  1.08715
0.993649  283.928  1.06953
0.993638  257.206  1.02272
0.993373  471.779  1.3951
0.993337  296.161  1.15355
0.991633  466.8  1.37396
0.991568  560.21  1.50926
0.991182  418.866  1.31804
Num 11 loop.  
  Front: 1053
0.994205  443.68  1.37275
0.993749  438.323  1.35044
0.993652  281.1  1.08715
0.993649  283.928  1.06953
0.993638  257.206  1.02272
0.993373  471.779  1.3951
0.993337  296.161  1.15355
0.991633  466.8  1.37396
0.991568  560.21  1.50926
0.991182  418.866  1.31804
Num 12 loop.  
  Front: 330
0.994241  350.184  1.23889
0.994205  443.68  1.37275
0.993821  225.812  1.00624
0.993759  490.707  1.46535
0.993749  438.323  1.35044
0.993652  281.1  1.08715
0.993649  283.928  1.06953
0.991633  466.8  1.37396
0.991568  560.21  1.50926
0.991182  418.866  1.31804
Num 13 loop.  
  Front: 329
0.994241  350.184  1.23889
0.994205  443.68  1.37275
0.993821  225.812  1.00624
0.993759  490.707  1.46535
0.993749  438.323  1.35044
0.993652  281.1  1.08715
0.993649  283.928  1.06953
0.991633  466.8  1.37396
0.991568  560.21  1.50926
0.991182  418.866  1.31804
Num 14 loop.  
  Front: 320
0.994241  350.184  1.23889
0.994205  443.68  1.37275
0.994058  524.117  1.49552
0.993759  490.707  1.46535
0.993749  438.323  1.35044
0.993652  281.1  1.08715
0.993649  283.928  1.06953
0.991633  466.8  1.37396
0.991568  560.21  1.50926
0.991182  418.866  1.31804
Num 15 loop.  
  Front: 330
0.994241  350.184  1.23889
0.994205  443.68  1.37275
0.994058  524.117  1.49552
0.993759  490.707  1.46535
0.993749  438.323  1.35044
0.993652  281.1  1.08715
0.993649  283.928  1.06953
0.991633  466.8  1.37396
0.991568  560.21  1.50926
0.991182  418.866  1.31804
Num 16 loop.  
  Front: 2
0.994678  195.267  1.00227
0.994668  366.557  1.28963
0.99465  376.434  1.30549
0.993759  490.707  1.46535
0.993749  438.323  1.35044
0.993652  281.1  1.08715
0.993649  283.928  1.06953
0.991633  466.8  1.37396
0.991568  560.21  1.50926
0.991182  418.866  1.31804
Num 17 loop.  
  Front: 2
0.994678  195.267  1.00227
0.994668  366.557  1.28963
0.99465  376.434  1.30549
0.993759  490.707  1.46535
0.993749  438.323  1.35044
0.993652  281.1  1.08715
0.993649  283.928  1.06953
0.991633  466.8  1.37396
0.991568  560.21  1.50926
0.991182  418.866  1.31804
Num 18 loop.  
  Front: 2
0.994678  195.267  1.00227
0.994668  366.557  1.28963
0.99465  376.434  1.30549
0.993759  490.707  1.46535
0.993749  438.323  1.35044
0.993652  281.1  1.08715
0.993649  283.928  1.06953
0.991633  466.8  1.37396
0.991568  560.21  1.50926
0.991182  418.866  1.31804
Num 19 loop.  
  Front: 4
0.994678  195.267  1.00227
0.994668  366.557  1.28963
0.99465  376.434  1.30549
0.993759  490.707  1.46535
0.993749  438.323  1.35044
0.993652  281.1  1.08715
0.993649  283.928  1.06953
0.991633  466.8  1.37396
0.991568  560.21  1.50926
0.991182  418.866  1.31804
Num 20 loop.  
  Front: 6
0.994678  195.267  1.00227
0.994668  366.557  1.28963
0.99465  376.434  1.30549
0.993759  490.707  1.46535
0.993749  438.323  1.35044
0.993652  281.1  1.08715
0.993649  283.928  1.06953
0.991633  466.8  1.37396
0.991568  560.21  1.50926
0.991182  418.866  1.31804
Num 21 loop.  
  Front: 7
0.994678  195.267  1.00227
0.994668  366.557  1.28963
0.99465  376.434  1.30549
0.993759  490.707  1.46535
0.993749  438.323  1.35044
0.993652  281.1  1.08715
0.993649  283.928  1.06953
0.991633  466.8  1.37396
0.991568  560.21  1.50926
0.991182  418.866  1.31804
Num 22 loop.  
  Front: 12
0.994678  195.267  1.00227
0.994668  366.557  1.28963
0.99465  376.434  1.30549
0.993759  490.707  1.46535
0.993749  438.323  1.35044
0.993652  281.1  1.08715
0.993649  283.928  1.06953
0.991633  466.8  1.37396
0.991568  560.21  1.50926
0.991182  418.866  1.31804
Num 23 loop.  
  Front: 4
0.995045  217.403  1.02477
0.994668  366.557  1.28963
0.99465  376.434  1.30549
0.993759  490.707  1.46535
0.993749  438.323  1.35044
0.993652  281.1  1.08715
0.993649  283.928  1.06953
0.991633  466.8  1.37396
0.991568  560.21  1.50926
0.991182  418.866  1.31804
Num 24 loop.  
  Front: 3
0.995045  217.403  1.02477
0.994668  366.557  1.28963
0.99465  376.434  1.30549
0.993759  490.707  1.46535
0.993749  438.323  1.35044
0.993652  281.1  1.08715
0.993649  283.928  1.06953
0.991633  466.8  1.37396
0.991568  560.21  1.50926
0.991182  418.866  1.31804
Num 25 loop.  
  Front: 863
0.995147  421.973  1.34069
0.994668  366.557  1.28963
0.99465  376.434  1.30549
0.993759  490.707  1.46535
0.993749  438.323  1.35044
0.993652  281.1  1.08715
0.993649  283.928  1.06953
0.991633  466.8  1.37396
0.991568  560.21  1.50926
0.991182  418.866  1.31804
Num 26 loop.  
  Front: 868
0.995147  421.973  1.34069
0.994668  366.557  1.28963
0.99465  376.434  1.30549
0.993759  490.707  1.46535
0.993749  438.323  1.35044
0.993652  281.1  1.08715
0.993649  283.928  1.06953
0.991633  466.8  1.37396
0.991568  560.21  1.50926
0.991182  418.866  1.31804
Num 27 loop.  
  Front: 886
0.995147  421.973  1.34069
0.994668  366.557  1.28963
0.99465  376.434  1.30549
0.993759  490.707  1.46535
0.993749  438.323  1.35044
0.993652  281.1  1.08715
0.993649  283.928  1.06953
0.991633  466.8  1.37396
0.991568  560.21  1.50926
0.991182  418.866  1.31804
Num 28 loop.  
  Front: 982
0.995333  436.479  1.41491
0.994668  366.557  1.28963
0.99465  376.434  1.30549
0.993759  490.707  1.46535
0.993749  438.323  1.35044
0.993652  281.1  1.08715
0.993649  283.928  1.06953
0.991633  466.8  1.37396
0.991568  560.21  1.50926
0.991182  418.866  1.31804
Num 29 loop.  
  Front: 962
0.995333  436.479  1.41491
0.995329  424.327  1.34936
0.99465  376.434  1.30549
0.993759  490.707  1.46535
0.993749  438.323  1.35044
0.993652  281.1  1.08715
0.993649  283.928  1.06953
0.991633  466.8  1.37396
0.991568  560.21  1.50926
0.991182  418.866  1.31804
Num 30 loop.  
  Front: 981
0.995333  436.479  1.41491
0.99533  389.986  1.33404
0.995329  424.327  1.34936
0.993759  490.707  1.46535
0.993749  438.323  1.35044
0.993652  281.1  1.08715
0.993649  283.928  1.06953
0.991633  466.8  1.37396
0.991568  560.21  1.50926
0.991182  418.866  1.31804
Num 31 loop.  
  Front: 963
0.995333  436.479  1.41491
0.99533  389.986  1.33404
0.995329  424.327  1.34936
0.995297  333.857  1.21384
0.993749  438.323  1.35044
0.993652  281.1  1.08715
0.993649  283.928  1.06953
0.991633  466.8  1.37396
0.991568  560.21  1.50926
0.991182  418.866  1.31804
Num 32 loop.  
  Front: 955
0.995333  436.479  1.41491
0.99533  389.986  1.33404
0.995329  424.327  1.34936
0.995297  333.857  1.21384
0.993749  438.323  1.35044
0.993652  281.1  1.08715
0.993649  283.928  1.06953
0.991633  466.8  1.37396
0.991568  560.21  1.50926
0.991182  418.866  1.31804
Num 33 loop.  
  Front: 970
0.995333  436.479  1.41491
0.99533  389.986  1.33404
0.995329  424.327  1.34936
0.995297  333.857  1.21384
0.993749  438.323  1.35044
0.993652  281.1  1.08715
0.993649  283.928  1.06953
0.991633  466.8  1.37396
0.991568  560.21  1.50926
0.991182  418.866  1.31804
Num 34 loop.  
  Front: 973
0.995333  436.479  1.41491
0.99533  389.986  1.33404
0.995329  424.327  1.34936
0.995297  333.857  1.21384
0.993749  438.323  1.35044
0.993652  281.1  1.08715
0.993649  283.928  1.06953
0.991633  466.8  1.37396
0.991568  560.21  1.50926
0.991182  418.866  1.31804
Num 35 loop.  
  Front: 1128
0.995624  454.855  1.42679
0.99533  389.986  1.33404
0.995329  424.327  1.34936
0.995297  333.857  1.21384
0.993749  438.323  1.35044
0.993652  281.1  1.08715
0.993649  283.928  1.06953
0.991633  466.8  1.37396
0.991568  560.21  1.50926
0.991182  418.866  1.31804
Num 36 loop.  
  Front: 66
0.995784  285.505  1.16443
0.995624  454.855  1.42679
0.995329  424.327  1.34936
0.995297  333.857  1.21384
0.993749  438.323  1.35044
0.993652  281.1  1.08715
0.993649  283.928  1.06953
0.991633  466.8  1.37396
0.991568  560.21  1.50926
0.991182  418.866  1.31804
Num 37 loop.  
  Front: 67
0.995784  285.505  1.16443
0.995624  454.855  1.42679
0.995329  424.327  1.34936
0.995297  333.857  1.21384
0.993749  438.323  1.35044
0.993652  281.1  1.08715
0.993649  283.928  1.06953
0.991633  466.8  1.37396
0.991568  560.21  1.50926
0.991182  418.866  1.31804
Num 38 loop.  
  Front: 73
0.995784  285.505  1.16443
0.995624  454.855  1.42679
0.995329  424.327  1.34936
0.995297  333.857  1.21384
0.993749  438.323  1.35044
0.993652  281.1  1.08715
0.993649  283.928  1.06953
0.991633  466.8  1.37396
0.991568  560.21  1.50926
0.991182  418.866  1.31804
Num 39 loop.  
  Front: 59
0.995784  285.505  1.16443
0.995624  454.855  1.42679
0.995329  424.327  1.34936
0.995297  333.857  1.21384
0.993749  438.323  1.35044
0.993652  281.1  1.08715
0.993649  283.928  1.06953
0.991633  466.8  1.37396
0.991568  560.21  1.50926
0.991182  418.866  1.31804
Num 40 loop.  
  Front: 72
0.995784  285.505  1.16443
0.995624  454.855  1.42679
0.995329  424.327  1.34936
0.995297  333.857  1.21384
0.993749  438.323  1.35044
0.993652  281.1  1.08715
0.993649  283.928  1.06953
0.991633  466.8  1.37396
0.991568  560.21  1.50926
0.991182  418.866  1.31804
Num 41 loop.  
  Front: 66
0.995784  285.505  1.16443
0.995624  454.855  1.42679
0.995329  424.327  1.34936
0.995297  333.857  1.21384
0.993749  438.323  1.35044
0.993652  281.1  1.08715
0.993649  283.928  1.06953
0.991633  466.8  1.37396
0.991568  560.21  1.50926
0.991182  418.866  1.31804
Num 42 loop.  
  Front: 62
0.995784  285.505  1.16443
0.995624  454.855  1.42679
0.995329  424.327  1.34936
0.995297  333.857  1.21384
0.993749  438.323  1.35044
0.993652  281.1  1.08715
0.993649  283.928  1.06953
0.991633  466.8  1.37396
0.991568  560.21  1.50926
0.991182  418.866  1.31804
Num 43 loop.  
  Front: 69
0.995784  285.505  1.16443
0.995624  454.855  1.42679
0.995329  424.327  1.34936
0.995297  333.857  1.21384
0.993749  438.323  1.35044
0.993652  281.1  1.08715
0.993649  283.928  1.06953
0.991633  466.8  1.37396
0.991568  560.21  1.50926
0.991182  418.866  1.31804
Num 44 loop.  
  Front: 73
0.995784  285.505  1.16443
0.995624  454.855  1.42679
0.995329  424.327  1.34936
0.995297  333.857  1.21384
0.993749  438.323  1.35044
0.993652  281.1  1.08715
0.993649  283.928  1.06953
0.991633  466.8  1.37396
0.991568  560.21  1.50926
0.991182  418.866  1.31804
Num 45 loop.  
  Front: 71
0.995784  285.505  1.16443
0.995624  454.855  1.42679
0.995329  424.327  1.34936
0.995297  333.857  1.21384
0.993749  438.323  1.35044
0.993652  281.1  1.08715
0.993649  283.928  1.06953
0.991633  466.8  1.37396
0.991568  560.21  1.50926
0.991182  418.866  1.31804
Num 46 loop.  
  Front: 755
0.99601  407.007  1.37337
0.995624  454.855  1.42679
0.995329  424.327  1.34936
0.995297  333.857  1.21384
0.993749  438.323  1.35044
0.993652  281.1  1.08715
0.993649  283.928  1.06953
0.991633  466.8  1.37396
0.991568  560.21  1.50926
0.991182  418.866  1.31804
Num 47 loop.  
  Front: 758
0.99601  407.007  1.37337
0.995624  454.855  1.42679
0.995329  424.327  1.34936
0.995297  333.857  1.21384
0.993749  438.323  1.35044
0.993652  281.1  1.08715
0.993649  283.928  1.06953
0.991633  466.8  1.37396
0.991568  560.21  1.50926
0.991182  418.866  1.31804
Num 48 loop.  
  Front: 763
0.99601  407.007  1.37337
0.995871  403.145  1.31484
0.995329  424.327  1.34936
0.995297  333.857  1.21384
0.993749  438.323  1.35044
0.993652  281.1  1.08715
0.993649  283.928  1.06953
0.991633  466.8  1.37396
0.991568  560.21  1.50926
0.991182  418.866  1.31804
Num 49 loop.  
  Front: 748
0.99601  407.007  1.37337
0.995871  403.145  1.31484
0.995329  424.327  1.34936
0.995297  333.857  1.21384
0.993749  438.323  1.35044
0.993652  281.1  1.08715
0.993649  283.928  1.06953
0.991633  466.8  1.37396
0.991568  560.21  1.50926
0.991182  418.866  1.31804
Num 50 loop.  
  Front: 767
0.99601  407.007  1.37337
0.996025  407.18  1.32202
0.995901  368.23  1.26044
0.995871  403.145  1.31484
0.993749  438.323  1.35044
0.993652  281.1  1.08715
0.993649  283.928  1.06953
0.991633  466.8  1.37396
0.991568  560.21  1.50926
0.991182  418.866  1.31804
Num 51 loop.  
  Front: 757
0.99601  407.007  1.37337
0.996025  407.18  1.32202
0.995982  491.747  1.4904
0.995884  364.198  1.27154
0.995901  368.23  1.26044
0.995871  403.145  1.31484
0.993649  283.928  1.06953
0.991633  466.8  1.37396
0.991568  560.21  1.50926
0.991182  418.866  1.31804
Num 52 loop.  
  Front: 762
0.99601  407.007  1.37337
0.996025  407.18  1.32202
0.995982  491.747  1.4904
0.995884  364.198  1.27154
0.995901  368.23  1.26044
0.995871  403.145  1.31484
0.993649  283.928  1.06953
0.991633  466.8  1.37396
0.991568  560.21  1.50926
0.991182  418.866  1.31804
Num 53 loop.  
  Front: 775
0.99601  407.007  1.37337
0.996025  407.18  1.32202
0.995982  491.747  1.4904
0.995884  364.198  1.27154
0.995901  368.23  1.26044
0.995871  403.145  1.31484
0.993649  283.928  1.06953
0.991633  466.8  1.37396
0.991568  560.21  1.50926
0.991182  418.866  1.31804
Num 54 loop.  
  Front: 756
0.99601  407.007  1.37337
0.996025  407.18  1.32202
0.995982  491.747  1.4904
0.995884  364.198  1.27154
0.995901  368.23  1.26044
0.995871  403.145  1.31484
0.993649  283.928  1.06953
0.991633  466.8  1.37396
0.991568  560.21  1.50926
0.991182  418.866  1.31804
Num 55 loop.  
  Front: 735
0.99601  407.007  1.37337
0.996025  407.18  1.32202
0.995982  491.747  1.4904
0.995884  364.198  1.27154
0.995901  368.23  1.26044
0.995871  403.145  1.31484
0.993649  283.928  1.06953
0.991633  466.8  1.37396
0.991568  560.21  1.50926
0.991182  418.866  1.31804
Num 56 loop.  
  Front: 735
0.99601  407.007  1.37337
0.996025  407.18  1.32202
0.995982  491.747  1.4904
0.995884  364.198  1.27154
0.995901  368.23  1.26044
0.995871  403.145  1.31484
0.993649  283.928  1.06953
0.991633  466.8  1.37396
0.991568  560.21  1.50926
0.991182  418.866  1.31804
Num 57 loop.  
  Front: 751
0.99601  407.007  1.37337
0.996025  407.18  1.32202
0.995982  491.747  1.4904
0.995884  364.198  1.27154
0.995901  368.23  1.26044
0.995871  403.145  1.31484
0.993649  283.928  1.06953
0.991633  466.8  1.37396
0.991568  560.21  1.50926
0.991182  418.866  1.31804
Num 58 loop.  
  Front: 733
0.99601  407.007  1.37337
0.996025  407.18  1.32202
0.995982  491.747  1.4904
0.995884  364.198  1.27154
0.995901  368.23  1.26044
0.995871  403.145  1.31484
0.993649  283.928  1.06953
0.991633  466.8  1.37396
0.991568  560.21  1.50926
0.991182  418.866  1.31804
Num 59 loop.  
  Front: 746
0.99601  407.007  1.37337
0.996025  407.18  1.32202
0.995982  491.747  1.4904
0.995884  364.198  1.27154
0.995901  368.23  1.26044
0.995871  403.145  1.31484
0.993649  283.928  1.06953
0.991633  466.8  1.37396
0.991568  560.21  1.50926
0.991182  418.866  1.31804
Num 60 loop.  
  Front: 729
0.99601  407.007  1.37337
0.996025  407.18  1.32202
0.995982  491.747  1.4904
0.995884  364.198  1.27154
0.995901  368.23  1.26044
0.995871  403.145  1.31484
0.993649  283.928  1.06953
0.991633  466.8  1.37396
0.991568  560.21  1.50926
0.991182  418.866  1.31804
Num 61 loop.  
  Front: 497
0.996922  377.488  1.35535
0.996883  294.33  1.21506
0.996769  345.913  1.29698
0.995884  364.198  1.27154
0.995901  368.23  1.26044
0.995871  403.145  1.31484
0.993649  283.928  1.06953
0.991633  466.8  1.37396
0.991568  560.21  1.50926
0.991182  418.866  1.31804
Num 62 loop.  
  Front: 489
0.996922  377.488  1.35535
0.996883  294.33  1.21506
0.996769  345.913  1.29698
0.995884  364.198  1.27154
0.995901  368.23  1.26044
0.995871  403.145  1.31484
0.993649  283.928  1.06953
0.991633  466.8  1.37396
0.991568  560.21  1.50926
0.991182  418.866  1.31804
Num 63 loop.  
  Front: 503
0.996922  377.488  1.35535
0.996883  294.33  1.21506
0.996769  345.913  1.29698
0.995884  364.198  1.27154
0.995901  368.23  1.26044
0.995871  403.145  1.31484
0.993649  283.928  1.06953
0.991633  466.8  1.37396
0.991568  560.21  1.50926
0.991182  418.866  1.31804
Num 64 loop.  
  Front: 505
0.996922  377.488  1.35535
0.996883  294.33  1.21506
0.996769  345.913  1.29698
0.995884  364.198  1.27154
0.995901  368.23  1.26044
0.995871  403.145  1.31484
0.993649  283.928  1.06953
0.991633  466.8  1.37396
0.991568  560.21  1.50926
0.991182  418.866  1.31804
Num 65 loop.  
  Front: 527
0.996922  377.488  1.35535
0.996883  294.33  1.21506
0.996861  575.089  1.57692
0.996769  345.913  1.29698
0.995901  368.23  1.26044
0.995871  403.145  1.31484
0.993649  283.928  1.06953
0.991633  466.8  1.37396
0.991568  560.21  1.50926
0.991182  418.866  1.31804
Num 66 loop.  
  Front: 503
0.996922  377.488  1.35535
0.996883  294.33  1.21506
0.996921  343.257  1.20649
0.996861  575.089  1.57692
0.995901  368.23  1.26044
0.995871  403.145  1.31484
0.993649  283.928  1.06953
0.991633  466.8  1.37396
0.991568  560.21  1.50926
0.991182  418.866  1.31804
Num 67 loop.  
  Front: 505
0.996922  377.488  1.35535
0.996883  294.33  1.21506
0.996972  328.875  1.16975
0.996921  343.257  1.20649
0.995901  368.23  1.26044
0.995871  403.145  1.31484
0.993649  283.928  1.06953
0.991633  466.8  1.37396
0.991568  560.21  1.50926
0.991182  418.866  1.31804
Num 68 loop.  
  Front: 495
0.996922  377.488  1.35535
0.996883  294.33  1.21506
0.996972  328.875  1.16975
0.996926  339.247  1.22481
0.996921  343.257  1.20649
0.995871  403.145  1.31484
0.993649  283.928  1.06953
0.991633  466.8  1.37396
0.991568  560.21  1.50926
0.991182  418.866  1.31804
Num 69 loop.  
  Front: 499
0.996922  377.488  1.35535
0.996883  294.33  1.21506
0.996972  328.875  1.16975
0.996926  339.247  1.22481
0.996921  343.257  1.20649
0.995871  403.145  1.31484
0.993649  283.928  1.06953
0.991633  466.8  1.37396
0.991568  560.21  1.50926
0.991182  418.866  1.31804
Num 70 loop.  
  Front: 507
0.996922  377.488  1.35535
0.996883  294.33  1.21506
0.996972  328.875  1.16975
0.996926  339.247  1.22481
0.996921  343.257  1.20649
0.995871  403.145  1.31484
0.993649  283.928  1.06953
0.991633  466.8  1.37396
0.991568  560.21  1.50926
0.991182  418.866  1.31804
Num 71 loop.  
  Front: 1969
0.997081  692.228  1.69952
0.996883  294.33  1.21506
0.996972  328.875  1.16975
0.996926  339.247  1.22481
0.996921  343.257  1.20649
0.995871  403.145  1.31484
0.993649  283.928  1.06953
0.991633  466.8  1.37396
0.991568  560.21  1.50926
0.991182  418.866  1.31804
Num 72 loop.  
  Front: 1964
0.997081  692.228  1.69952
0.996883  294.33  1.21506
0.996972  328.875  1.16975
0.996926  339.247  1.22481
0.996921  343.257  1.20649
0.995871  403.145  1.31484
0.993649  283.928  1.06953
0.991633  466.8  1.37396
0.991568  560.21  1.50926
0.991182  418.866  1.31804
Num 73 loop.  
  Front: 1971
0.997081  692.228  1.69952
0.996883  294.33  1.21506
0.996972  328.875  1.16975
0.996926  339.247  1.22481
0.996921  343.257  1.20649
0.995871  403.145  1.31484
0.993649  283.928  1.06953
0.991633  466.8  1.37396
0.991568  560.21  1.50926
0.991182  418.866  1.31804
Num 74 loop.  
  Front: 1965
0.997081  692.228  1.69952
0.996883  294.33  1.21506
0.996972  328.875  1.16975
0.996926  339.247  1.22481
0.996921  343.257  1.20649
0.995871  403.145  1.31484
0.993649  283.928  1.06953
0.991633  466.8  1.37396
0.991568  560.21  1.50926
0.991182  418.866  1.31804
Num 75 loop.  
  Front: 1966
0.997081  692.228  1.69952
0.996883  294.33  1.21506
0.996972  328.875  1.16975
0.996926  339.247  1.22481
0.996921  343.257  1.20649
0.995871  403.145  1.31484
0.993649  283.928  1.06953
0.991633  466.8  1.37396
0.991568  560.21  1.50926
0.991182  418.866  1.31804
Num 76 loop.  
  Front: 1965
0.997081  692.228  1.69952
0.996883  294.33  1.21506
0.996972  328.875  1.16975
0.996926  339.247  1.22481
0.996921  343.257  1.20649
0.995871  403.145  1.31484
0.993649  283.928  1.06953
0.991633  466.8  1.37396
0.991568  560.21  1.50926
0.991182  418.866  1.31804
Num 77 loop.  
  Front: 1968
0.997081  692.228  1.69952
0.996883  294.33  1.21506
0.996972  328.875  1.16975
0.996926  339.247  1.22481
0.996921  343.257  1.20649
0.995871  403.145  1.31484
0.993649  283.928  1.06953
0.991633  466.8  1.37396
0.991568  560.21  1.50926
0.991182  418.866  1.31804
Num 78 loop.  
  Front: 12
0.997144  252.335  1.05508
0.996883  294.33  1.21506
0.996972  328.875  1.16975
0.996926  339.247  1.22481
0.996921  343.257  1.20649
0.995871  403.145  1.31484
0.993649  283.928  1.06953
0.991633  466.8  1.37396
0.991568  560.21  1.50926
0.991182  418.866  1.31804
Num 79 loop.  
  Front: 14
0.997155  250.765  1.05101
0.997144  252.335  1.05508
0.996972  328.875  1.16975
0.996926  339.247  1.22481
0.996921  343.257  1.20649
0.995871  403.145  1.31484
0.993649  283.928  1.06953
0.991633  466.8  1.37396
0.991568  560.21  1.50926
0.991182  418.866  1.31804
Num 80 loop.  
  Front: 7
0.997155  250.765  1.05101
0.997144  252.335  1.05508
0.997133  256.173  1.03923
0.996926  339.247  1.22481
0.996921  343.257  1.20649
0.995871  403.145  1.31484
0.993649  283.928  1.06953
0.991633  466.8  1.37396
0.991568  560.21  1.50926
0.991182  418.866  1.31804
Num 81 loop.  
  Front: 10
0.997155  250.765  1.05101
0.997144  252.335  1.05508
0.997133  256.173  1.03923
0.997119  243.38  1.03584
0.996921  343.257  1.20649
0.995871  403.145  1.31484
0.993649  283.928  1.06953
0.991633  466.8  1.37396
0.991568  560.21  1.50926
0.991182  418.866  1.31804
Num 82 loop.  
  Front: 411
0.997231  364.196  1.31021
0.997155  250.765  1.05101
0.997144  252.335  1.05508
0.997133  256.173  1.03923
0.997119  243.38  1.03584
0.995871  403.145  1.31484
0.993649  283.928  1.06953
0.991633  466.8  1.37396
0.991568  560.21  1.50926
0.991182  418.866  1.31804
Num 83 loop.  
  Front: 22
0.99728  260.819  1.08972
0.997231  364.196  1.31021
0.997155  250.765  1.05101
0.997144  252.335  1.05508
0.997133  256.173  1.03923
0.997119  243.38  1.03584
0.993649  283.928  1.06953
0.991633  466.8  1.37396
0.991568  560.21  1.50926
0.991182  418.866  1.31804
Num 84 loop.  
  Front: 21
0.99728  260.819  1.08972
0.997231  364.196  1.31021
0.99715  246.163  1.09072
0.997155  250.765  1.05101
0.997144  252.335  1.05508
0.997133  256.173  1.03923
0.997126  262.15  1.11433
0.99712  696.361  1.7811
0.997119  243.38  1.03584
0.991182  418.866  1.31804
Num 85 loop.  
  Front: 26
0.99728  260.819  1.08972
0.997231  364.196  1.31021
0.99715  246.163  1.09072
0.997184  251.513  1.06851
0.997157  341.75  1.19581
0.997155  250.765  1.05101
0.997144  252.335  1.05508
0.997133  256.173  1.03923
0.997126  262.15  1.11433
0.99712  696.361  1.7811
Num 86 loop.  
  Front: 8
0.997332  240.127  1.07677
0.997231  364.196  1.31021
0.99715  246.163  1.09072
0.99728  260.819  1.08972
0.997184  251.513  1.06851
0.997149  239.61  1.06848
0.997144  252.335  1.05508
0.997133  256.173  1.03923
0.997126  262.15  1.11433
0.99712  696.361  1.7811
Num 87 loop.  
  Front: 7
0.997332  240.127  1.07677
0.997231  364.196  1.31021
0.99715  246.163  1.09072
0.99728  260.819  1.08972
0.997184  251.513  1.06851
0.997149  239.61  1.06848
0.997144  252.335  1.05508
0.997133  256.173  1.03923
0.997126  262.15  1.11433
0.99712  696.361  1.7811
Num 88 loop.  
  Front: 7
0.997332  240.127  1.07677
0.997231  364.196  1.31021
0.99715  246.163  1.09072
0.99728  260.819  1.08972
0.997184  251.513  1.06851
0.997149  239.61  1.06848
0.997144  252.335  1.05508
0.997133  256.173  1.03923
0.997126  262.15  1.11433
0.99712  696.361  1.7811
Num 89 loop.  
  Front: 11
0.997332  240.127  1.07677
0.997231  364.196  1.31021
0.99715  246.163  1.09072
0.99728  260.819  1.08972
0.997184  251.513  1.06851
0.997149  239.61  1.06848
0.997144  252.335  1.05508
0.997133  256.173  1.03923
0.997126  262.15  1.11433
0.99712  696.361  1.7811
Num 90 loop.  
  Front: 12
0.997332  240.127  1.07677
0.997231  364.196  1.31021
0.99715  246.163  1.09072
0.99728  260.819  1.08972
0.997184  251.513  1.06851
0.997149  239.61  1.06848
0.997144  252.335  1.05508
0.997133  256.173  1.03923
0.997126  262.15  1.11433
0.99712  696.361  1.7811
Num 91 loop.  
  Front: 3
0.997422  233.734  1.00552
0.997231  364.196  1.31021
0.99715  246.163  1.09072
0.99728  260.819  1.08972
0.997184  251.513  1.06851
0.997149  239.61  1.06848
0.997144  252.335  1.05508
0.997133  256.173  1.03923
0.997126  262.15  1.11433
0.99712  696.361  1.7811
Num 92 loop.  
  Front: 3
0.997422  233.734  1.00552
0.997231  364.196  1.31021
0.99715  246.163  1.09072
0.99728  260.819  1.08972
0.997184  251.513  1.06851
0.997149  239.61  1.06848
0.997144  252.335  1.05508
0.997133  256.173  1.03923
0.997126  262.15  1.11433
0.99712  696.361  1.7811
Num 93 loop.  
  Front: 3
0.997422  233.734  1.00552
0.997231  364.196  1.31021
0.99715  246.163  1.09072
0.99728  260.819  1.08972
0.997184  251.513  1.06851
0.997149  239.61  1.06848
0.997144  252.335  1.05508
0.997133  256.173  1.03923
0.997126  262.15  1.11433
0.99712  696.361  1.7811
Num 94 loop.  
  Front: 8
0.997393  232.497  1.06099
0.997422  233.734  1.00552
0.997384  236.768  1.06698
0.99728  260.819  1.08972
0.997184  251.513  1.06851
0.997149  239.61  1.06848
0.997144  252.335  1.05508
0.997133  256.173  1.03923
0.997126  262.15  1.11433
0.99712  696.361  1.7811
Num 95 loop.  
  Front: 13
0.997393  232.497  1.06099
0.997422  233.734  1.00552
0.997384  236.768  1.06698
0.99728  260.819  1.08972
0.997184  251.513  1.06851
0.997149  239.61  1.06848
0.997144  252.335  1.05508
0.997133  256.173  1.03923
0.997126  262.15  1.11433
0.99712  696.361  1.7811
Num 96 loop.  
  Front: 10
0.997393  232.497  1.06099
0.997422  233.734  1.00552
0.997384  236.768  1.06698
0.99728  260.819  1.08972
0.997184  251.513  1.06851
0.997149  239.61  1.06848
0.997144  252.335  1.05508
0.997133  256.173  1.03923
0.997126  262.15  1.11433
0.99712  696.361  1.7811
Num 97 loop.  
  Front: 13
0.997393  232.497  1.06099
0.997422  233.734  1.00552
0.997384  236.768  1.06698
0.99728  260.819  1.08972
0.997184  251.513  1.06851
0.997149  239.61  1.06848
0.997144  252.335  1.05508
0.997133  256.173  1.03923
0.997126  262.15  1.11433
0.99712  696.361  1.7811
Num 98 loop.  
  Front: 1901
0.997617  625.718  1.63602
0.997422  233.734  1.00552
0.997384  236.768  1.06698
0.99728  260.819  1.08972
0.997184  251.513  1.06851
0.997149  239.61  1.06848
0.997144  252.335  1.05508
0.997133  256.173  1.03923
0.997126  262.15  1.11433
0.99712  696.361  1.7811
Num 99 loop.  
  Front: 84
0.997685  287.476  1.13906
0.99763  279.904  1.12517
0.997617  625.718  1.63602
0.99728  260.819  1.08972
0.997184  251.513  1.06851
0.997149  239.61  1.06848
0.997144  252.335  1.05508
0.997133  256.173  1.03923
0.997126  262.15  1.11433
0.99712  696.361  1.7811
Num 100 loop.  
  Front: 51
0.99775  272.928  1.17859
0.99763  279.904  1.12517
0.997617  625.718  1.63602
0.99728  260.819  1.08972
0.997184  251.513  1.06851
0.997149  239.61  1.06848
0.997144  252.335  1.05508
0.997133  256.173  1.03923
0.997126  262.15  1.11433
0.99712  696.361  1.7811
Num 101 loop.  
  Front: 45
0.99775  272.928  1.17859
0.99763  279.904  1.12517
0.997617  625.718  1.63602
0.99728  260.819  1.08972
0.997184  251.513  1.06851
0.997149  239.61  1.06848
0.997144  252.335  1.05508
0.997133  256.173  1.03923
0.997126  262.15  1.11433
0.99712  696.361  1.7811
Num 102 loop.  
  Front: 49
0.99775  272.928  1.17859
0.99763  279.904  1.12517
0.997617  625.718  1.63602
0.99728  260.819  1.08972
0.997184  251.513  1.06851
0.997149  239.61  1.06848
0.997144  252.335  1.05508
0.997133  256.173  1.03923
0.997126  262.15  1.11433
0.99712  696.361  1.7811
Num 103 loop.  
  Front: 50
0.99775  272.928  1.17859
0.99763  279.904  1.12517
0.997617  625.718  1.63602
0.99728  260.819  1.08972
0.997184  251.513  1.06851
0.997149  239.61  1.06848
0.997144  252.335  1.05508
0.997133  256.173  1.03923
0.997126  262.15  1.11433
0.99712  696.361  1.7811
Num 104 loop.  
  Front: 52
0.99775  272.928  1.17859
0.99763  279.904  1.12517
0.997617  625.718  1.63602
0.99728  260.819  1.08972
0.997184  251.513  1.06851
0.997149  239.61  1.06848
0.997144  252.335  1.05508
0.997133  256.173  1.03923
0.997126  262.15  1.11433
0.99712  696.361  1.7811
Num 105 loop.  
  Front: 2
0.997805  193.535  1.05071
0.99763  279.904  1.12517
0.997617  625.718  1.63602
0.99728  260.819  1.08972
0.997184  251.513  1.06851
0.997149  239.61  1.06848
0.997144  252.335  1.05508
0.997133  256.173  1.03923
0.997126  262.15  1.11433
0.99712  696.361  1.7811
Num 106 loop.  
  Front: 2
0.997805  193.535  1.05071
0.997788  221.977  1.05532
0.997617  625.718  1.63602
0.99728  260.819  1.08972
0.997184  251.513  1.06851
0.997149  239.61  1.06848
0.997144  252.335  1.05508
0.997133  256.173  1.03923
0.997126  262.15  1.11433
0.99712  696.361  1.7811
Num 107 loop.  
  Front: 2
0.997805  193.535  1.05071
0.997788  221.977  1.05532
0.997617  625.718  1.63602
0.99728  260.819  1.08972
0.997184  251.513  1.06851
0.997149  239.61  1.06848
0.997144  252.335  1.05508
0.997133  256.173  1.03923
0.997126  262.15  1.11433
0.99712  696.361  1.7811
Num 108 loop.  
  Front: 2
0.997807  193.296  1.0129
0.997805  193.535  1.05071
0.997788  221.977  1.05532
0.99728  260.819  1.08972
0.997184  251.513  1.06851
0.997149  239.61  1.06848
0.997144  252.335  1.05508
0.997133  256.173  1.03923
0.997126  262.15  1.11433
0.99712  696.361  1.7811
Num 109 loop.  
  Front: 1
0.997807  193.296  1.0129
0.997805  193.535  1.05071
0.997788  221.977  1.05532
0.99728  260.819  1.08972
0.997184  251.513  1.06851
0.997149  239.61  1.06848
0.997144  252.335  1.05508
0.997133  256.173  1.03923
0.997126  262.15  1.11433
0.99712  696.361  1.7811
Num 110 loop.  
  Front: 1
0.997814  193.005  1
0.997807  193.296  1.0129
0.997805  193.535  1.05071
0.997805  193.556  1.00051
0.997788  221.977  1.05532
0.997149  239.61  1.06848
0.997144  252.335  1.05508
0.997133  256.173  1.03923
0.997126  262.15  1.11433
0.99712  696.361  1.7811
Num 111 loop.  
  Front: 2
0.997892  183.788  1.00625
0.997814  193.005  1
0.997807  193.296  1.0129
0.997805  193.535  1.05071
0.997805  193.556  1.00051
0.997788  221.977  1.05532
0.997144  252.335  1.05508
0.997133  256.173  1.03923
0.997126  262.15  1.11433
0.99712  696.361  1.7811
Num 112 loop.  
  Front: 1
0.997892  183.103  1
0.997892  183.788  1.00625
0.997814  193.005  1
0.997805  193.535  1.05071
0.997813  202.97  1.0283
0.997807  193.296  1.0129
0.997805  193.556  1.00051
0.997788  221.977  1.05532
0.997126  262.15  1.11433
0.99712  696.361  1.7811
Num 113 loop.  
  Front: 3
0.997907  180.12  1.01935
0.997897  182.935  1.02336
0.997894  167.732  0.999471
0.997892  183.103  1
0.997892  183.788  1.00625
0.997841  227.941  1.09145
0.997814  193.005  1
0.997813  202.97  1.0283
0.997807  193.296  1.0129
0.997805  193.535  1.05071
Num 114 loop.  
  Front: 4
0.997907  180.12  1.01935
0.997897  182.935  1.02336
0.997894  167.732  0.999471
0.997892  183.103  1
0.997892  183.788  1.00625
0.997881  184.044  1.01985
0.997866  338.371  1.22606
0.997841  227.941  1.09145
0.997829  190.344  1.0261
0.997814  193.005  1
Num 115 loop.  
  Front: 3
0.997907  180.12  1.01935
0.997897  182.935  1.02336
0.997894  167.732  0.999471
0.997892  183.103  1
0.997892  183.788  1.00625
0.997881  184.044  1.01985
0.99787  209.892  1.05612
0.997866  338.371  1.22606
0.997829  190.344  1.0261
0.997814  193.005  1
Num 116 loop.  
  Front: 2
0.997911  171.866  1
0.997907  180.12  1.01935
0.997897  182.935  1.02336
0.997894  167.732  0.999471
0.997892  182.567  1.01509
0.997892  183.103  1
0.997892  183.788  1.00625
0.997881  184.044  1.01985
0.997873  225.213  1.07748
0.99787  209.892  1.05612
Num 117 loop.  
  Front: 5
0.997924  179.833  1.01455
0.997911  171.866  1
0.997907  180.12  1.01935
0.997897  182.935  1.02336
0.997894  167.732  0.999471
0.997892  182.567  1.01509
0.997892  183.788  1.00625
0.997881  184.044  1.01985
0.997873  225.213  1.07748
0.99787  209.892  1.05612
Num 118 loop.  
  Front: 5
0.998003  177.508  1.01119
0.997994  179.198  1.01332
0.997907  180.12  1.01935
0.997897  182.935  1.02336
0.997894  167.732  0.999471
0.997983  169.909  0.999161
0.997924  179.833  1.01455
0.997911  171.866  1
0.997892  182.567  1.01509
0.99787  209.892  1.05612
Num 119 loop.  
  Front: 4
0.998012  172.554  1
0.998003  177.508  1.01119
0.997994  179.198  1.01332
0.997897  182.935  1.02336
0.997894  167.732  0.999471
0.997983  169.909  0.999161
0.997924  179.833  1.01455
0.997911  171.866  1
0.997892  182.567  1.01509
0.99787  209.892  1.05612
Num 120 loop.  
  Front: 8
0.998012  172.554  1
0.998005  177.309  1.01638
0.998  177.305  1.01619
0.998003  177.508  1.01119
0.997994  179.198  1.01332
0.997983  169.909  0.999161
0.997949  278.212  1.16557
0.997931  171.514  1.00515
0.997924  179.833  1.01455
0.99787  209.892  1.05612
Num 121 loop.  
  Front: 1
0.998077  158.068  1
0.998016  173.952  1.02286
0.998  177.305  1.01619
0.998003  177.508  1.01119
0.997994  179.198  1.01332
0.997983  169.909  0.999161
0.997949  278.212  1.16557
0.997931  171.514  1.00515
0.997924  179.833  1.01455
0.99787  209.892  1.05612
Num 122 loop.  
  Front: 1
0.998077  158.068  1
0.998016  173.952  1.02286
0.998  177.305  1.01619
0.998003  177.508  1.01119
0.997994  179.198  1.01332
0.997983  169.909  0.999161
0.997949  278.212  1.16557
0.997931  171.514  1.00515
0.997927  170.268  1
0.997924  179.833  1.01455
Num 123 loop.  
  Front: 1
0.998077  158.068  1
0.998032  320.738  1.26174
0.998016  173.952  1.02286
0.998015  192.093  1.05372
0.998  177.305  1.01619
0.998003  177.508  1.01119
0.997994  179.198  1.01332
0.997992  372.253  1.34318
0.997961  163.262  1.00507
0.997983  169.909  0.999161
Num 124 loop.  
  Front: 1
0.998136  153.509  1
0.99808  169.146  1.02234
0.998077  158.068  1
0.99804  328.051  1.27067
0.998032  320.738  1.26174
0.998029  211.7  1.08722
0.998016  173.952  1.02286
0.998015  192.093  1.05372
0.998  177.305  1.01619
0.998003  177.508  1.01119
Num 125 loop.  
  Front: 1
0.998136  153.509  1
0.99808  169.146  1.02234
0.998077  158.068  1
0.99804  328.051  1.27067
0.998032  320.738  1.26174
0.998029  211.7  1.08722
0.998016  173.952  1.02286
0.998015  192.093  1.05372
0.998  177.305  1.01619
0.998003  177.508  1.01119
Num 126 loop.  
  Front: 193
0.998162  318.929  1.21296
0.998136  153.509  1
0.998077  158.068  1
0.99804  328.051  1.27067
0.998032  320.738  1.26174
0.998029  211.7  1.08722
0.998016  173.952  1.02286
0.998015  192.093  1.05372
0.998  177.305  1.01619
0.998003  177.508  1.01119
Num 127 loop.  
  Front: 1
0.998185  148.329  1
0.998136  153.509  1
0.998077  158.068  1
0.99804  328.051  1.27067
0.998032  320.738  1.26174
0.998029  211.7  1.08722
0.998016  173.952  1.02286
0.998015  192.093  1.05372
0.998  177.305  1.01619
0.998003  177.508  1.01119
Num 128 loop.  
  Front: 1
0.998185  148.329  1
0.998136  153.509  1
0.998077  158.068  1
0.99804  328.051  1.27067
0.998032  320.738  1.26174
0.998029  211.7  1.08722
0.998016  173.952  1.02286
0.998015  192.093  1.05372
0.998  177.305  1.01619
0.998003  177.508  1.01119
Num 129 loop.  
  Front: 1
0.998185  148.329  1
0.998168  205.1  1.07683
0.998077  158.068  1
0.99804  328.051  1.27067
0.998032  320.738  1.26174
0.998029  211.7  1.08722
0.998016  173.952  1.02286
0.998015  192.093  1.05372
0.998  177.305  1.01619
0.998003  177.508  1.01119
Num 130 loop.  
  Front: 28
0.998199  200.757  1.09641
0.998185  148.329  1
0.998168  205.1  1.07683
0.99804  328.051  1.27067
0.998032  320.738  1.26174
0.998029  211.7  1.08722
0.998016  173.952  1.02286
0.998015  192.093  1.05372
0.998  177.305  1.01619
0.998003  177.508  1.01119
Num 131 loop.  
  Front: 1
0.998237  140.814  1
0.998199  200.757  1.09641
0.998189  336.332  1.27409
0.998185  148.329  1
0.998174  284.636  1.20055
0.998168  205.1  1.07683
0.998016  173.952  1.02286
0.998015  192.093  1.05372
0.998  177.305  1.01619
0.998003  177.508  1.01119
Num 132 loop.  
  Front: 1
0.998237  140.814  1
0.998199  200.757  1.09641
0.998189  336.332  1.27409
0.998185  148.329  1
0.998174  284.636  1.20055
0.998168  205.1  1.07683
0.998016  173.952  1.02286
0.998015  192.093  1.05372
0.998  177.305  1.01619
0.998003  177.508  1.01119
Num 133 loop.  
  Front: 17
0.998345  168.549  1.03961
0.998199  200.757  1.09641
0.998273  208.963  1.0891
0.998237  140.814  1
0.998174  284.636  1.20055
0.998168  205.1  1.07683
0.998016  173.952  1.02286
0.998015  192.093  1.05372
0.998  177.305  1.01619
0.998003  177.508  1.01119
Num 134 loop.  
  Front: 12
0.998345  168.549  1.03961
0.998332  136.01  1.00404
0.998283  365.635  1.30927
0.998237  140.814  1
0.998174  284.636  1.20055
0.998168  205.1  1.07683
0.998016  173.952  1.02286
0.998015  192.093  1.05372
0.998  177.305  1.01619
0.998003  177.508  1.01119
Num 135 loop.  
  Front: 13
0.998345  168.549  1.03961
0.998332  136.01  1.00404
0.998322  197.833  1.07793
0.998237  140.814  1
0.998174  284.636  1.20055
0.998168  205.1  1.07683
0.998016  173.952  1.02286
0.998015  192.093  1.05372
0.998  177.305  1.01619
0.998003  177.508  1.01119
Num 136 loop.  
  Front: 4
0.998374  144.526  1.03747
0.998345  168.549  1.03961
0.998332  136.01  1.00404
0.998328  118.409  0.998316
0.998174  284.636  1.20055
0.998168  205.1  1.07683
0.998016  173.952  1.02286
0.998015  192.093  1.05372
0.998  177.305  1.01619
0.998003  177.508  1.01119
Num 137 loop.  
  Front: 3
0.998374  144.526  1.03747
0.998345  168.549  1.03961
0.998332  136.01  1.00404
0.998328  118.409  0.998316
0.998174  284.636  1.20055
0.998168  205.1  1.07683
0.998016  173.952  1.02286
0.998015  192.093  1.05372
0.998  177.305  1.01619
0.998003  177.508  1.01119
Num 138 loop.  
  Front: 4
0.998374  144.526  1.03747
0.998345  168.549  1.03961
0.998332  136.01  1.00404
0.998328  118.409  0.998316
0.998174  284.636  1.20055
0.998168  205.1  1.07683
0.998016  173.952  1.02286
0.998015  192.093  1.05372
0.998  177.305  1.01619
0.998003  177.508  1.01119
Num 139 loop.  
  Front: 5
0.998374  144.526  1.03747
0.998345  168.549  1.03961
0.998332  136.01  1.00404
0.998328  118.409  0.998316
0.998174  284.636  1.20055
0.998168  205.1  1.07683
0.998016  173.952  1.02286
0.998015  192.093  1.05372
0.998  177.305  1.01619
0.998003  177.508  1.01119
Num 140 loop.  
  Front: 5
0.998374  144.526  1.03747
0.998345  168.549  1.03961
0.998332  136.01  1.00404
0.998328  118.409  0.998316
0.998174  284.636  1.20055
0.998168  205.1  1.07683
0.998016  173.952  1.02286
0.998015  192.093  1.05372
0.998  177.305  1.01619
0.998003  177.508  1.01119
Num 141 loop.  
  Front: 4
0.998374  144.526  1.03747
0.998345  168.549  1.03961
0.998332  136.01  1.00404
0.998328  118.409  0.998316
0.998174  284.636  1.20055
0.998168  205.1  1.07683
0.998016  173.952  1.02286
0.998015  192.093  1.05372
0.998  177.305  1.01619
0.998003  177.508  1.01119
Num 142 loop.  
  Front: 44
0.9984  208.38  1.13021
0.998374  144.526  1.03747
0.998332  136.01  1.00404
0.998328  118.409  0.998316
0.998174  284.636  1.20055
0.998168  205.1  1.07683
0.998016  173.952  1.02286
0.998015  192.093  1.05372
0.998  177.305  1.01619
0.998003  177.508  1.01119
Num 143 loop.  
  Front: 48
0.998406  206.317  1.1116
0.9984  208.38  1.13021
0.998395  145.863  1.03062
0.998394  143.33  1.02718
0.998374  144.526  1.03747
0.998168  205.1  1.07683
0.998016  173.952  1.02286
0.998015  192.093  1.05372
0.998  177.305  1.01619
0.998003  177.508  1.01119
Num 144 loop.  
  Front: 37
0.998406  206.317  1.1116
0.9984  208.38  1.13021
0.998395  145.863  1.03062
0.998394  143.33  1.02718
0.998374  144.526  1.03747
0.998168  205.1  1.07683
0.998016  173.952  1.02286
0.998015  192.093  1.05372
0.998  177.305  1.01619
0.998003  177.508  1.01119
Num 145 loop.  
  Front: 1
0.998464  125.945  1
0.9984  208.38  1.13021
0.99843  221.336  1.12429
0.998416  133.787  1.00859
0.998411  189.313  1.08147
0.998406  206.317  1.1116
0.998395  145.863  1.03062
0.998395  155.053  1.03583
0.998394  143.33  1.02718
0.998385  142.441  1.01888
Num 146 loop.  
  Front: 1
0.998464  125.945  1
0.9984  208.38  1.13021
0.99843  221.336  1.12429
0.998416  133.787  1.00859
0.998411  189.313  1.08147
0.998406  206.317  1.1116
0.998395  155.053  1.03583
0.998395  145.863  1.03062
0.998394  243.684  1.13519
0.998394  143.33  1.02718
Num 147 loop.  
  Front: 1
0.998464  125.945  1
0.9984  208.38  1.13021
0.99843  221.336  1.12429
0.998416  200.467  1.08967
0.998416  133.787  1.00859
0.998411  189.313  1.08147
0.998406  206.317  1.1116
0.9984  139.691  0.999404
0.998397  442.421  1.44594
0.998396  140.185  0.999989
Num 148 loop.  
  Front: 1
0.998464  125.945  1
0.9984  208.38  1.13021
0.99843  221.336  1.12429
0.998416  200.467  1.08967
0.998416  133.787  1.00859
0.998411  189.313  1.08147
0.998406  206.317  1.1116
0.998462  211.873  1.09704
0.998397  442.421  1.44594
0.998396  140.185  0.999989
Num 149 loop.  
  Front: 1
0.998464  125.945  1
0.9984  208.38  1.13021
0.99843  221.336  1.12429
0.998416  200.467  1.08967
0.998416  133.787  1.00859
0.998411  189.313  1.08147
0.998406  206.317  1.1116
0.998462  211.873  1.09704
0.998397  442.421  1.44594
0.998396  140.185  0.999989
Num 150 loop.  
  Front: 2
0.998464  125.945  1
0.9984  208.38  1.13021
0.998495  210.546  1.12846
0.998482  117.013  0.999512
0.998416  133.787  1.00859
0.998411  189.313  1.08147
0.998406  206.317  1.1116
0.998462  211.873  1.09704
0.998434  246.61  1.17571
0.998396  140.185  0.999989
Num 151 loop.  
  Front: 81
0.998512  239.667  1.14924
0.9984  208.38  1.13021
0.998495  210.546  1.12846
0.998482  117.013  0.999512
0.998475  167.987  1.04754
0.998464  125.945  1
0.998406  206.317  1.1116
0.998462  211.873  1.09704
0.998436  241.637  1.14912
0.998434  246.61  1.17571
Num 152 loop.  
  Front: 97
0.998512  239.667  1.14924
0.9984  208.38  1.13021
0.998495  210.546  1.12846
0.998482  117.013  0.999512
0.998475  167.987  1.04754
0.998464  125.945  1
0.998406  206.317  1.1116
0.998462  211.873  1.09704
0.998436  241.637  1.14912
0.998434  246.61  1.17571
Num 153 loop.  
  Front: 44
0.998554  184.512  1.10268
0.998514  223.858  1.15455
0.998495  210.546  1.12846
0.998482  117.013  0.999512
0.998475  167.987  1.04754
0.998464  125.945  1
0.998406  206.317  1.1116
0.998462  211.873  1.09704
0.998436  241.637  1.14912
0.998434  246.61  1.17571
Num 154 loop.  
  Front: 38
0.998554  184.512  1.10268
0.998514  223.858  1.15455
0.998504  347.149  1.31396
0.998482  117.013  0.999512
0.998475  167.987  1.04754
0.998464  125.945  1
0.998406  206.317  1.1116
0.998462  211.873  1.09704
0.998436  241.637  1.14912
0.998434  246.61  1.17571
Num 155 loop.  
  Front: 27
0.998601  169.154  1.05065
0.998554  184.512  1.10268
0.998514  223.858  1.15455
0.998504  347.149  1.31396
0.998503  396.936  1.37175
0.998464  125.945  1
0.998406  206.317  1.1116
0.998462  211.873  1.09704
0.998436  241.637  1.14912
0.998434  246.61  1.17571
Num 156 loop.  
  Front: 26
0.998601  169.154  1.05065
0.998554  184.512  1.10268
0.99852  128.538  1.00029
0.998514  289.654  1.24093
0.998514  223.858  1.15455
0.998504  347.149  1.31396
0.998406  206.317  1.1116
0.998462  211.873  1.09704
0.998436  241.637  1.14912
0.998434  246.61  1.17571
Num 157 loop.  
  Front: 25
0.998601  169.154  1.05065
0.998554  184.512  1.10268
0.99852  128.538  1.00029
0.998514  289.654  1.24093
0.998514  223.858  1.15455
0.998504  347.149  1.31396
0.998406  206.317  1.1116
0.998462  211.873  1.09704
0.998436  241.637  1.14912
0.998434  246.61  1.17571
Num 158 loop.  
  Front: 28
0.998601  169.154  1.05065
0.998554  184.512  1.10268
0.998545  189.794  1.09558
0.998539  246.469  1.17528
0.998514  223.858  1.15455
0.998504  347.149  1.31396
0.998406  206.317  1.1116
0.998462  211.873  1.09704
0.998436  241.637  1.14912
0.998434  246.61  1.17571
Num 159 loop.  
  Front: 26
0.998601  169.154  1.05065
0.998554  184.512  1.10268
0.998545  189.794  1.09558
0.998539  246.469  1.17528
0.998514  223.858  1.15455
0.998504  347.149  1.31396
0.998406  206.317  1.1116
0.998462  211.873  1.09704
0.998436  241.637  1.14912
0.998434  246.61  1.17571
Num 160 loop.  
  Front: 19
0.998601  169.154  1.05065
0.998554  184.512  1.10268
0.998545  189.794  1.09558
0.998539  246.469  1.17528
0.998514  223.858  1.15455
0.998504  347.149  1.31396
0.998406  206.317  1.1116
0.998462  211.873  1.09704
0.998436  241.637  1.14912
0.998434  246.61  1.17571
Num 161 loop.  
  Front: 25
0.998601  169.154  1.05065
0.998554  184.512  1.10268
0.998545  189.794  1.09558
0.998539  246.469  1.17528
0.998514  223.858  1.15455
0.998504  347.149  1.31396
0.998406  206.317  1.1116
0.998462  211.873  1.09704
0.998436  241.637  1.14912
0.998434  246.61  1.17571
Num 162 loop.  
  Front: 27
0.998601  169.154  1.05065
0.998554  184.512  1.10268
0.998545  189.794  1.09558
0.998539  246.469  1.17528
0.998514  223.858  1.15455
0.998504  347.149  1.31396
0.998406  206.317  1.1116
0.998462  211.873  1.09704
0.998436  241.637  1.14912
0.998434  246.61  1.17571
Num 163 loop.  
  Front: 22
0.998601  169.154  1.05065
0.998554  184.512  1.10268
0.998545  189.794  1.09558
0.998539  246.469  1.17528
0.998514  223.858  1.15455
0.998504  347.149  1.31396
0.998406  206.317  1.1116
0.998462  211.873  1.09704
0.998436  241.637  1.14912
0.998434  246.61  1.17571
Num 164 loop.  
  Front: 107
0.998646  256.31  1.18833
0.998554  184.512  1.10268
0.998545  189.794  1.09558
0.998539  246.469  1.17528
0.998514  223.858  1.15455
0.998504  347.149  1.31396
0.998406  206.317  1.1116
0.998462  211.873  1.09704
0.998436  241.637  1.14912
0.998434  246.61  1.17571
Num 165 loop.  
  Front: 116
0.998646  256.31  1.18833
0.998554  184.512  1.10268
0.998545  189.794  1.09558
0.998539  246.469  1.17528
0.998514  223.858  1.15455
0.998504  347.149  1.31396
0.998406  206.317  1.1116
0.998462  211.873  1.09704
0.998436  241.637  1.14912
0.998434  246.61  1.17571
Num 166 loop.  
  Front: 118
0.998646  256.31  1.18833
0.998554  184.512  1.10268
0.998545  189.794  1.09558
0.998539  246.469  1.17528
0.998514  223.858  1.15455
0.998504  347.149  1.31396
0.998406  206.317  1.1116
0.998462  211.873  1.09704
0.998436  241.637  1.14912
0.998434  246.61  1.17571
Num 167 loop.  
  Front: 13
0.998677  155.49  1.05118
0.998554  184.512  1.10268
0.998545  189.794  1.09558
0.998539  246.469  1.17528
0.998514  223.858  1.15455
0.998504  347.149  1.31396
0.998406  206.317  1.1116
0.998462  211.873  1.09704
0.998436  241.637  1.14912
0.998434  246.61  1.17571
Num 168 loop.  
  Front: 14
0.998677  155.49  1.05118
0.998554  184.512  1.10268
0.998545  189.794  1.09558
0.998539  246.469  1.17528
0.998514  223.858  1.15455
0.998504  347.149  1.31396
0.998406  206.317  1.1116
0.998462  211.873  1.09704
0.998436  241.637  1.14912
0.998434  246.61  1.17571
Num 169 loop.  
  Front: 22
0.998677  155.49  1.05118
0.998554  184.512  1.10268
0.998545  189.794  1.09558
0.998539  246.469  1.17528
0.998514  223.858  1.15455
0.998504  347.149  1.31396
0.998406  206.317  1.1116
0.998462  211.873  1.09704
0.998436  241.637  1.14912
0.998434  246.61  1.17571
Num 170 loop.  
  Front: 17
0.998677  155.49  1.05118
0.998554  184.512  1.10268
0.998545  189.794  1.09558
0.998539  246.469  1.17528
0.998514  223.858  1.15455
0.998504  347.149  1.31396
0.998406  206.317  1.1116
0.998462  211.873  1.09704
0.998436  241.637  1.14912
0.998434  246.61  1.17571
Num 171 loop.  
  Front: 20
0.998677  155.49  1.05118
0.998554  184.512  1.10268
0.998545  189.794  1.09558
0.998539  246.469  1.17528
0.998514  223.858  1.15455
0.998504  347.149  1.31396
0.998406  206.317  1.1116
0.998462  211.873  1.09704
0.998436  241.637  1.14912
0.998434  246.61  1.17571
Num 172 loop.  
  Front: 25
0.998677  155.49  1.05118
0.998554  184.512  1.10268
0.998545  189.794  1.09558
0.998539  246.469  1.17528
0.998514  223.858  1.15455
0.998504  347.149  1.31396
0.998406  206.317  1.1116
0.998462  211.873  1.09704
0.998436  241.637  1.14912
0.998434  246.61  1.17571
Num 173 loop.  
  Front: 31
0.998677  155.49  1.05118
0.998554  184.512  1.10268
0.998545  189.794  1.09558
0.998539  246.469  1.17528
0.998514  223.858  1.15455
0.998504  347.149  1.31396
0.998406  206.317  1.1116
0.998462  211.873  1.09704
0.998436  241.637  1.14912
0.998434  246.61  1.17571
Num 174 loop.  
  Front: 137
0.998736  216.755  1.13678
0.998731  131.943  1.01891
0.998724  339.783  1.30694
0.998719  233.137  1.15882
0.998715  273.812  1.21509
0.998714  230.972  1.15561
0.998714  130.641  1.01643
0.998707  222.988  1.14425
0.998436  241.637  1.14912
0.998434  246.61  1.17571
Num 175 loop.  
  Front: 168
0.998792  248.105  1.1857
0.998736  216.755  1.13678
0.998736  218.661  1.14015
0.998731  131.943  1.01891
0.99873  560.363  1.64654
0.998724  339.783  1.30694
0.998719  233.137  1.15882
0.998719  204.438  1.11845
0.998715  273.812  1.21509
0.998714  230.972  1.15561
Num 176 loop.  
  Front: 186
0.998792  248.105  1.1857
0.998736  218.661  1.14015
0.998736  216.755  1.13678
0.998731  131.943  1.01891
0.998804  132.466  1.01704
0.998724  339.783  1.30694
0.998719  233.137  1.15882
0.998719  204.438  1.11845
0.998715  273.812  1.21509
0.998714  230.972  1.15561
Num 177 loop.  
  Front: 22
0.998806  149.098  1.05131
0.998806  132.465  1.02807
0.998804  131.47  1.02661
0.998731  131.943  1.01891
0.998804  132.466  1.01704
0.9988  186.349  1.10305
0.998798  237.548  1.17445
0.998792  248.105  1.1857
0.998765  204.681  1.1272
0.998764  216.35  1.14345
Num 178 loop.  
  Front: 79
0.998858  177.539  1.11154
0.99882  268.672  1.24404
0.99881  294.643  1.2818
0.998808  131.241  1.04149
0.998806  189.746  1.12745
0.998806  149.098  1.05131
0.998804  130.96  1.04093
0.9988  186.349  1.10305
0.998782  194.573  1.13358
0.998764  216.35  1.14345
Num 179 loop.  
  Front: 79
0.998858  177.539  1.11154
0.99882  268.672  1.24404
0.99881  294.643  1.2818
0.998883  308.978  1.27864
0.998806  149.098  1.05131
0.998806  189.746  1.12745
0.998804  130.96  1.04093
0.9988  186.349  1.10305
0.998782  194.573  1.13358
0.998764  216.35  1.14345
Num 180 loop.  
  Front: 96
0.998858  177.539  1.11154
0.99882  268.672  1.24404
0.99881  294.643  1.2818
0.998883  308.978  1.27864
0.99887  178.54  1.11039
0.998806  189.746  1.12745
0.998804  130.96  1.04093
0.9988  186.349  1.10305
0.998782  194.573  1.13358
0.998764  216.35  1.14345
Num 181 loop.  
  Front: 767
0.998896  356.871  1.38522
0.998887  195.69  1.13803
0.99881  294.643  1.2818
0.998883  308.978  1.27864
0.998879  118.67  1.01977
0.998806  189.746  1.12745
0.998804  130.96  1.04093
0.9988  186.349  1.10305
0.998782  194.573  1.13358
0.998764  216.35  1.14345
Num 182 loop.  
  Front: 825
0.998896  356.871  1.38522
0.998887  195.69  1.13803
0.99881  294.643  1.2818
0.998883  308.978  1.27864
0.998879  118.67  1.01977
0.998806  189.746  1.12745
0.998804  130.96  1.04093
0.9988  186.349  1.10305
0.998782  194.573  1.13358
0.998764  216.35  1.14345
Num 183 loop.  
  Front: 346
0.998946  195.452  1.14152
0.998932  266.067  1.24364
0.99881  294.643  1.2818
0.998883  308.978  1.27864
0.998879  118.67  1.01977
0.998806  189.746  1.12745
0.998804  130.96  1.04093
0.9988  186.349  1.10305
0.998782  194.573  1.13358
0.998764  216.35  1.14345
Num 184 loop.  
  Front: 34
0.998946  131.387  1.04546
0.998946  195.452  1.14152
0.998946  434.847  1.493
0.998944  261.56  1.23735
0.998943  224.103  1.18206
0.998941  179.126  1.11566
0.998933  137.36  1.05371
0.998932  266.067  1.24364
0.998931  185.975  1.12533
0.998764  216.35  1.14345
Num 185 loop.  
  Front: 143
0.998976  157.319  1.08601
0.998959  122.146  1.03403
0.998959  153.145  1.07918
0.998954  135.026  1.05258
0.998953  183.33  1.12291
0.998952  180.165  1.11824
0.99895  258.172  1.23183
0.99895  254.532  1.22653
0.998949  367.837  1.39165
0.998946  131.387  1.04546
Num 186 loop.  
  Front: 9
0.999021  102.421  1.01372
0.999014  237.209  1.23188
0.999012  242.55  1.24048
0.998995  156.027  1.09962
0.998987  677.593  1.94455
0.998979  313.943  1.35494
0.998968  201.374  1.17212
0.998967  158.905  1.10326
0.998962  104.026  1.01415
0.998959  153.145  1.07918
Num 187 loop.  
  Front: 11
0.999021  102.421  1.01372
0.999014  237.209  1.23188
0.999012  242.55  1.24048
0.998995  156.027  1.09962
0.998987  677.593  1.94455
0.998979  313.943  1.35494
0.998968  201.374  1.17212
0.999022  210.738  1.15828
0.998962  104.026  1.01415
0.998959  153.145  1.07918
Num 188 loop.  
  Front: 407
0.999039  172.719  1.14036
0.999035  184.841  1.16065
0.999026  239.882  1.25319
0.999026  169.321  1.13405
0.999024  89.5888  0.999347
0.998979  313.943  1.35494
0.998968  201.374  1.17212
0.999022  210.738  1.15828
0.998962  104.026  1.01415
0.998959  153.145  1.07918
Num 189 loop.  
  Front: 461
0.999039  172.719  1.14036
0.999035  184.841  1.16065
0.999026  239.882  1.25319
0.999026  169.321  1.13405
0.999024  89.5888  0.999347
0.998979  313.943  1.35494
0.998968  201.374  1.17212
0.999022  210.738  1.15828
0.998962  104.026  1.01415
0.998959  153.145  1.07918
Num 190 loop.  
  Front: 495
0.999039  172.719  1.14036
0.999035  184.841  1.16065
0.999026  239.882  1.25319
0.999026  169.321  1.13405
0.999024  89.5888  0.999347
0.998979  313.943  1.35494
0.998968  201.374  1.17212
0.999022  210.738  1.15828
0.998962  104.026  1.01415
0.998959  153.145  1.07918
Num 191 loop.  
  Front: 484
0.999039  172.719  1.14036
0.999035  184.841  1.16065
0.999026  239.882  1.25319
0.999026  169.321  1.13405
0.999024  89.5888  0.999347
0.998979  313.943  1.35494
0.998968  201.374  1.17212
0.999022  210.738  1.15828
0.998962  104.026  1.01415
0.998959  153.145  1.07918
Num 192 loop.  
  Front: 337
0.99909  157.177  1.1102
0.999088  149.109  1.09853
0.999026  239.882  1.25319
0.999026  169.321  1.13405
0.999024  89.5888  0.999347
0.998979  313.943  1.35494
0.998968  201.374  1.17212
0.999022  210.738  1.15828
0.998962  104.026  1.01415
0.998959  153.145  1.07918
Num 193 loop.  
  Front: 474
0.999092  168.276  1.12329
0.99909  157.177  1.1102
0.99909  157.578  1.10833
0.999089  148.596  1.09612
0.999088  149.109  1.09853
0.999086  79.5003  1.002
0.999081  132.697  1.07315
0.999081  162.604  1.11348
0.998962  104.026  1.01415
0.998959  153.145  1.07918
Num 194 loop.  
  Front: 472
0.999117  165.183  1.12113
0.99909  157.177  1.1102
0.99909  157.578  1.10833
0.999089  148.596  1.09612
0.999088  149.109  1.09853
0.999086  79.5003  1.002
0.999081  132.697  1.07315
0.999081  162.604  1.11348
0.998962  104.026  1.01415
0.998959  153.145  1.07918
Num 195 loop.  
  Front: 454
0.999117  165.183  1.12113
0.99909  157.177  1.1102
0.99909  157.578  1.10833
0.999089  148.596  1.09612
0.999088  149.109  1.09853
0.999086  79.5003  1.002
0.999081  132.697  1.07315
0.999081  162.604  1.11348
0.998962  104.026  1.01415
0.998959  153.145  1.07918
Num 196 loop.  
  Front: 114
0.99912  126.512  1.06909
0.999119  129.537  1.07314
0.999117  165.271  1.12581
0.999117  164.449  1.12455
0.999117  165.183  1.12113
0.999086  79.5003  1.002
0.999081  132.697  1.07315
0.999081  162.604  1.11348
0.998962  104.026  1.01415
0.998959  153.145  1.07918
Num 197 loop.  
  Front: 138
0.999124  128.116  1.07908
0.999123  121.873  1.06857
0.999121  134.587  1.08745
0.99912  125.61  1.0726
0.99912  126.512  1.06909
0.999119  129.537  1.07314
0.999119  118.883  1.06063
0.999119  156.898  1.12197
0.999117  159.527  1.12515
0.999117  162.816  1.13031
Num 198 loop.  
  Front: 128
0.999124  128.116  1.07908
0.999123  121.873  1.06857
0.999121  134.587  1.08745
0.99912  125.61  1.0726
0.99912  126.512  1.06909
0.999119  129.537  1.07314
0.999119  118.883  1.06063
0.999119  156.898  1.12197
0.999117  159.527  1.12515
0.999117  162.816  1.13031
Num 199 loop.  
  Front: 132
0.999124  128.116  1.07908
0.999123  121.873  1.06857
0.999121  134.587  1.08745
0.99912  125.61  1.0726
0.99912  126.512  1.06909
0.999119  129.537  1.07314
0.999119  118.883  1.06063
0.999144  119.114  1.05205
0.999143  129.813  1.0674
0.999139  132.856  1.07018
generation total time: 791999
0.999124  128.116  1.07908
0.999123  121.873  1.06857
0.999121  134.587  1.08745
0.99912  125.61  1.0726
0.99912  126.512  1.06909
0.999119  129.537  1.07314
0.999119  118.883  1.06063
0.999144  119.114  1.05205
0.999143  129.813  1.0674
0.999139  132.856  1.07018
0.999117  164.34  1.13265
0.999117  164.449  1.12455
0.999117  164.732  1.13329
0.999117  165.183  1.12113
0.999117  165.271  1.12581
0.999116  174.198  1.14844
0.998943  327.388  1.3324
0.998943  224.103  1.18206
0.998942  179.41  1.11669
0.998941  179.126  1.11566
